920057	
920060	
920061	
920066	
920075	
920087	
920092	
920110	
920122	
920130	
920132	
920149	
920174	
920184	
920204	
920212	
920242	
920245	
920247	
920249	
920252	
920260	
920261	
920262	
920263	
920266	
920267	
920270	
920271	
920273	
920274	
920275	
920278	
920284	
920299	
920300	
920304	
920305	
920339	
920344	
920346	
920351	
920357	
920363	
920367	
920368	
920370	
920371	
920374	
920375	
920378	
920392	
920394	
920395	
920396	
920402	
920403	
920405	
920407	
920414	
920415	
920418	
920419	
920422	
920425	
920427	
920429	
920433	
920436	
920438	
920445	
920454	
920455	
920469	
920471	
920475	
920476	
920478	
920489	
920491	
920493	
920496	
920504	
920505	
920508	
920509	
920510	
920519	
920522	
920523	
920526	
920527	
920533	
920541	
920547	
920553	
920556	
920564	
920566	
920570	
920571	
920575	
920576	
920578	
920579	
920580	
920592	
920593	
920599	
920608	
920627	
920634	
920639	
920640	
920641	
920642	
920651	
920656	
920662	
920663	
920665	
920670	
920675	
920679	
920682	
920685	
920689	
920690	
920693	
920694	
920699	
920701	
920703	
920706	
920717	
920718	
920719	
920720	
920725	
920726	
920729	
920735	
920748	
920751	
920753	
920765	
920768	
920770	
920779	
920781	
920786	
920790	
920792	
920799	
920802	
920806	
920807	
920808	
920809	
920810	
920819	
920821	
920826	
920832	
920833	
920834	
920837	
920839	
920855	
920856	
920857	
920866	
920870	
920871	
920873	
920876	
920879	
920885	
920892	
920895	
920896	
920906	
920914	
920924	
920925	
920926	
920931	
920932	
920942	
920943	
920946	
920950	
920953	
920957	
920961	
920964	
920970	
920971	
920974	
920976	
920978	
